# Blender v2.79 (sub 0) OBJ File: ''
# www.blender.org
o Chimney_Border_4
v -2.333452 5.500000 0.282843
v -2.404163 5.500000 0.353553
v -2.757716 5.500000 0.000000
v -2.687006 5.500000 -0.070711
v -2.333452 6.000000 0.282843
v -2.404163 6.000000 0.353553
v -2.757716 6.000000 0.000000
v -2.687006 6.000000 -0.070711
vt 1.000000 0.000000
vt 0.000000 1.000000
vt 0.000000 0.000000
vt 1.000000 0.000000
vt 0.000000 1.000000
vt 1.000000 0.000000
vt 0.000000 1.000000
vt 0.000000 0.000000
vt 1.000000 0.000000
vt 0.000000 1.000000
vt 0.000000 0.000000
vt 1.000000 0.000000
vt 0.000000 1.000000
vt 1.000000 0.000000
vt 0.000000 1.000000
vt 0.000000 0.000000
vt 1.000000 1.000000
vt 1.000000 1.000000
vt 1.000000 1.000000
vt 1.000000 1.000000
vn 0.0000 -1.0000 0.0000
vn 0.7071 0.0000 0.7071
vn -0.7071 0.0000 0.7071
vn -0.7071 0.0000 -0.7071
vn 0.7071 0.0000 -0.7071
vn 0.0000 1.0000 0.0000
s off
f 2/1/1 4/2/1 1/3/1
f 5/4/2 2/5/2 1/3/2
f 6/6/3 3/7/3 2/8/3
f 3/9/4 8/10/4 4/11/4
f 4/12/5 5/13/5 1/3/5
f 8/14/6 6/15/6 5/16/6
f 2/1/1 3/17/1 4/2/1
f 5/4/2 6/18/2 2/5/2
f 6/6/3 7/19/3 3/7/3
f 3/9/4 7/19/4 8/10/4
f 4/12/5 8/20/5 5/13/5
f 8/14/6 7/19/6 6/15/6
o Chimney_Border_3
v -1.979899 5.500000 0.070711
v -2.333452 5.500000 0.424264
v -2.404163 5.500000 0.353553
v -2.050610 5.500000 0.000000
v -1.979899 6.000000 0.070711
v -2.333452 6.000000 0.424264
v -2.404163 6.000000 0.353553
v -2.050610 6.000000 0.000000
vt 1.000000 0.000000
vt 0.000000 1.000000
vt 0.000000 0.000000
vt 1.000000 0.000000
vt 0.000000 1.000000
vt 1.000000 0.000000
vt 0.000000 1.000000
vt 0.000000 0.000000
vt 1.000000 0.000000
vt 0.000000 1.000000
vt 0.000000 0.000000
vt 1.000000 0.000000
vt 0.000000 1.000000
vt 1.000000 0.000000
vt 0.000000 1.000000
vt 0.000000 0.000000
vt 1.000000 1.000000
vt 1.000000 1.000000
vt 1.000000 1.000000
vt 1.000000 1.000000
vn 0.0000 -1.0000 0.0000
vn 0.7071 0.0000 0.7071
vn -0.7071 0.0000 0.7071
vn -0.7071 0.0000 -0.7071
vn 0.7071 0.0000 -0.7071
vn 0.0000 1.0000 0.0000
s off
f 10/21/7 12/22/7 9/23/7
f 13/24/8 10/25/8 9/23/8
f 14/26/9 11/27/9 10/28/9
f 11/29/10 16/30/10 12/31/10
f 12/32/11 13/33/11 9/23/11
f 16/34/12 14/35/12 13/36/12
f 10/21/7 11/37/7 12/22/7
f 13/24/8 14/38/8 10/25/8
f 14/26/9 15/39/9 11/27/9
f 11/29/10 15/39/10 16/30/10
f 12/32/11 16/40/11 13/33/11
f 16/34/12 15/39/12 14/35/12
o Chimney_Border_2
v -2.333452 5.500000 -0.282843
v -2.687006 5.500000 0.070711
v -2.757716 5.500000 0.000000
v -2.404163 5.500000 -0.353553
v -2.333452 6.000000 -0.282843
v -2.687006 6.000000 0.070711
v -2.757716 6.000000 0.000000
v -2.404163 6.000000 -0.353553
vt 1.000000 0.000000
vt 0.000000 1.000000
vt 0.000000 0.000000
vt 1.000000 0.000000
vt 0.000000 1.000000
vt 1.000000 0.000000
vt 0.000000 1.000000
vt 0.000000 0.000000
vt 1.000000 0.000000
vt 0.000000 1.000000
vt 0.000000 0.000000
vt 1.000000 0.000000
vt 0.000000 1.000000
vt 1.000000 0.000000
vt 0.000000 1.000000
vt 0.000000 0.000000
vt 1.000000 1.000000
vt 1.000000 1.000000
vt 1.000000 1.000000
vt 1.000000 1.000000
vn 0.0000 -1.0000 0.0000
vn 0.7071 0.0000 0.7071
vn -0.7071 0.0000 0.7071
vn -0.7071 0.0000 -0.7071
vn 0.7071 0.0000 -0.7071
vn 0.0000 1.0000 0.0000
s off
f 18/41/13 20/42/13 17/43/13
f 21/44/14 18/45/14 17/43/14
f 22/46/15 19/47/15 18/48/15
f 19/49/16 24/50/16 20/51/16
f 20/52/17 21/53/17 17/43/17
f 24/54/18 22/55/18 21/56/18
f 18/41/13 19/57/13 20/42/13
f 21/44/14 22/58/14 18/45/14
f 22/46/15 23/59/15 19/47/15
f 19/49/16 23/59/16 24/50/16
f 20/52/17 24/60/17 21/53/17
f 24/54/18 23/59/18 22/55/18
o Chimney_Border_1
v -2.050610 5.500000 0.000000
v -2.121320 5.500000 0.070711
v -2.474874 5.500000 -0.282843
v -2.404163 5.500000 -0.353553
v -2.050610 6.000000 0.000000
v -2.121320 6.000000 0.070711
v -2.474874 6.000000 -0.282843
v -2.404163 6.000000 -0.353553
vt 1.000000 0.000000
vt 0.000000 1.000000
vt 0.000000 0.000000
vt 1.000000 0.000000
vt 0.000000 1.000000
vt 1.000000 0.000000
vt 0.000000 1.000000
vt 0.000000 0.000000
vt 1.000000 0.000000
vt 0.000000 1.000000
vt 0.000000 0.000000
vt 1.000000 0.000000
vt 0.000000 1.000000
vt 1.000000 0.000000
vt 0.000000 1.000000
vt 0.000000 0.000000
vt 1.000000 1.000000
vt 1.000000 1.000000
vt 1.000000 1.000000
vt 1.000000 1.000000
vn 0.0000 -1.0000 0.0000
vn 0.7071 0.0000 0.7071
vn -0.7071 0.0000 0.7071
vn -0.7071 0.0000 -0.7071
vn 0.7071 0.0000 -0.7071
vn 0.0000 1.0000 0.0000
s off
f 26/61/19 28/62/19 25/63/19
f 29/64/20 26/65/20 25/63/20
f 30/66/21 27/67/21 26/68/21
f 27/69/22 32/70/22 28/71/22
f 28/72/23 29/73/23 25/63/23
f 32/74/24 30/75/24 29/76/24
f 26/61/19 27/77/19 28/62/19
f 29/64/20 30/78/20 26/65/20
f 30/66/21 31/79/21 27/67/21
f 27/69/22 31/79/22 32/70/22
f 28/72/23 32/80/23 29/73/23
f 32/74/24 31/79/24 30/75/24
o Chimney_4
v -2.333452 4.000000 0.212132
v -2.404163 4.000000 0.282843
v -2.687006 4.000000 0.000000
v -2.616295 4.000000 -0.070711
v -2.333452 6.000000 0.212132
v -2.404163 6.000000 0.282843
v -2.687006 6.000000 0.000000
v -2.616295 6.000000 -0.070711
vt 1.000000 0.000000
vt 0.000000 1.000000
vt 0.000000 0.000000
vt 1.000000 0.000000
vt 0.000000 1.000000
vt 1.000000 0.000000
vt 0.000000 1.000000
vt 0.000000 0.000000
vt 1.000000 0.000000
vt 0.000000 1.000000
vt 0.000000 0.000000
vt 1.000000 0.000000
vt 0.000000 1.000000
vt 1.000000 0.000000
vt 0.000000 1.000000
vt 0.000000 0.000000
vt 1.000000 1.000000
vt 1.000000 1.000000
vt 1.000000 1.000000
vt 1.000000 1.000000
vn 0.0000 -1.0000 0.0000
vn 0.7071 0.0000 0.7071
vn -0.7071 0.0000 0.7071
vn -0.7071 0.0000 -0.7071
vn 0.7071 0.0000 -0.7071
vn 0.0000 1.0000 0.0000
s off
f 34/81/25 36/82/25 33/83/25
f 37/84/26 34/85/26 33/83/26
f 38/86/27 35/87/27 34/88/27
f 35/89/28 40/90/28 36/91/28
f 36/92/29 37/93/29 33/83/29
f 40/94/30 38/95/30 37/96/30
f 34/81/25 35/97/25 36/82/25
f 37/84/26 38/98/26 34/85/26
f 38/86/27 39/99/27 35/87/27
f 35/89/28 39/99/28 40/90/28
f 36/92/29 40/100/29 37/93/29
f 40/94/30 39/99/30 38/95/30
o Chimney_3
v -2.050610 4.000000 0.070711
v -2.333452 4.000000 0.353553
v -2.404163 4.000000 0.282843
v -2.121320 4.000000 0.000000
v -2.050610 6.000000 0.070711
v -2.333452 6.000000 0.353553
v -2.404163 6.000000 0.282843
v -2.121320 6.000000 0.000000
vt 1.000000 0.000000
vt 0.000000 1.000000
vt 0.000000 0.000000
vt 1.000000 0.000000
vt 0.000000 1.000000
vt 1.000000 0.000000
vt 0.000000 1.000000
vt 0.000000 0.000000
vt 1.000000 0.000000
vt 0.000000 1.000000
vt 0.000000 0.000000
vt 1.000000 0.000000
vt 0.000000 1.000000
vt 1.000000 0.000000
vt 0.000000 1.000000
vt 0.000000 0.000000
vt 1.000000 1.000000
vt 1.000000 1.000000
vt 1.000000 1.000000
vt 1.000000 1.000000
vn 0.0000 -1.0000 0.0000
vn 0.7071 0.0000 0.7071
vn -0.7071 0.0000 0.7071
vn -0.7071 0.0000 -0.7071
vn 0.7071 0.0000 -0.7071
vn 0.0000 1.0000 0.0000
s off
f 42/101/31 44/102/31 41/103/31
f 45/104/32 42/105/32 41/103/32
f 46/106/33 43/107/33 42/108/33
f 43/109/34 48/110/34 44/111/34
f 44/112/35 45/113/35 41/103/35
f 48/114/36 46/115/36 45/116/36
f 42/101/31 43/117/31 44/102/31
f 45/104/32 46/118/32 42/105/32
f 46/106/33 47/119/33 43/107/33
f 43/109/34 47/119/34 48/110/34
f 44/112/35 48/120/35 45/113/35
f 48/114/36 47/119/36 46/115/36
o Chimney_2
v -2.333452 4.000000 -0.212132
v -2.616295 4.000000 0.070711
v -2.687006 4.000000 0.000000
v -2.404163 4.000000 -0.282843
v -2.333452 6.000000 -0.212132
v -2.616295 6.000000 0.070711
v -2.687006 6.000000 0.000000
v -2.404163 6.000000 -0.282843
vt 1.000000 0.000000
vt 0.000000 1.000000
vt 0.000000 0.000000
vt 1.000000 0.000000
vt 0.000000 1.000000
vt 1.000000 0.000000
vt 0.000000 1.000000
vt 0.000000 0.000000
vt 1.000000 0.000000
vt 0.000000 1.000000
vt 0.000000 0.000000
vt 1.000000 0.000000
vt 0.000000 1.000000
vt 1.000000 0.000000
vt 0.000000 1.000000
vt 0.000000 0.000000
vt 1.000000 1.000000
vt 1.000000 1.000000
vt 1.000000 1.000000
vt 1.000000 1.000000
vn 0.0000 -1.0000 0.0000
vn 0.7071 0.0000 0.7071
vn -0.7071 0.0000 0.7071
vn -0.7071 0.0000 -0.7071
vn 0.7071 0.0000 -0.7071
vn 0.0000 1.0000 0.0000
s off
f 50/121/37 52/122/37 49/123/37
f 53/124/38 50/125/38 49/123/38
f 54/126/39 51/127/39 50/128/39
f 51/129/40 56/130/40 52/131/40
f 52/132/41 53/133/41 49/123/41
f 56/134/42 54/135/42 53/136/42
f 50/121/37 51/137/37 52/122/37
f 53/124/38 54/138/38 50/125/38
f 54/126/39 55/139/39 51/127/39
f 51/129/40 55/139/40 56/130/40
f 52/132/41 56/140/41 53/133/41
f 56/134/42 55/139/42 54/135/42
o Chimney_1
v -2.121320 4.000000 0.000000
v -2.192031 4.000000 0.070711
v -2.474874 4.000000 -0.212132
v -2.404163 4.000000 -0.282843
v -2.121320 6.000000 0.000000
v -2.192031 6.000000 0.070711
v -2.474874 6.000000 -0.212132
v -2.404163 6.000000 -0.282843
vt 1.000000 0.000000
vt 0.000000 1.000000
vt 0.000000 0.000000
vt 1.000000 0.000000
vt 0.000000 1.000000
vt 1.000000 0.000000
vt 0.000000 1.000000
vt 0.000000 0.000000
vt 1.000000 0.000000
vt 0.000000 1.000000
vt 0.000000 0.000000
vt 1.000000 0.000000
vt 0.000000 1.000000
vt 1.000000 0.000000
vt 0.000000 1.000000
vt 0.000000 0.000000
vt 1.000000 1.000000
vt 1.000000 1.000000
vt 1.000000 1.000000
vt 1.000000 1.000000
vn 0.0000 -1.0000 0.0000
vn 0.7071 0.0000 0.7071
vn -0.7071 0.0000 0.7071
vn -0.7071 0.0000 -0.7071
vn 0.7071 0.0000 -0.7071
vn 0.0000 1.0000 0.0000
s off
f 58/141/43 60/142/43 57/143/43
f 61/144/44 58/145/44 57/143/44
f 62/146/45 59/147/45 58/148/45
f 59/149/46 64/150/46 60/151/46
f 60/152/47 61/153/47 57/143/47
f 64/154/48 62/155/48 61/156/48
f 58/141/43 59/157/43 60/142/43
f 61/144/44 62/158/44 58/145/44
f 62/146/45 63/159/45 59/147/45
f 59/149/46 63/159/46 64/150/46
f 60/152/47 64/160/47 61/153/47
f 64/154/48 63/159/48 62/155/48
o Roof_4
v 2.050610 6.000000 -2.050610
v -2.050610 6.000000 2.050610
v -4.101219 3.600000 0.000000
v 0.000000 3.600000 -4.101219
v 2.050610 6.200000 -2.050610
v -2.050610 6.200000 2.050610
v -4.101219 3.800000 0.000000
v 0.000000 3.800000 -4.101219
vt 1.000000 0.000000
vt 0.000000 1.000000
vt 0.000000 0.000000
vt 1.000000 0.000000
vt 0.000000 1.000000
vt 0.000000 0.000000
vt 1.000000 1.000000
vt 0.000000 1.000000
vt 1.000000 0.000000
vt 0.000000 1.000000
vt 0.000000 0.000000
vt 1.000000 1.000000
vt 0.000000 1.000000
vt 1.000000 0.000000
vt 0.000000 1.000000
vt 0.000000 0.000000
vt 1.000000 1.000000
vt 1.000000 1.000000
vt 1.000000 0.000000
vt 1.000000 0.000000
vn 0.4508 -0.7704 0.4508
vn 0.7071 0.0000 0.7071
vn -0.7071 0.0000 0.7071
vn -0.7071 0.0000 -0.7071
vn 0.7071 0.0000 -0.7071
vn -0.4508 0.7704 -0.4508
s off
f 66/161/49 68/162/49 65/163/49
f 69/164/50 66/165/50 65/163/50
f 66/166/51 71/167/51 67/168/51
f 67/169/52 72/170/52 68/171/52
f 65/163/53 72/172/53 69/173/53
f 72/174/54 70/175/54 69/176/54
f 66/161/49 67/177/49 68/162/49
f 69/164/50 70/178/50 66/165/50
f 66/166/51 70/179/51 71/167/51
f 67/169/52 71/167/52 72/170/52
f 65/163/53 68/180/53 72/172/53
f 72/174/54 71/167/54 70/175/54
o Roof_3
v 4.101219 3.600000 0.000000
v 0.000000 3.600000 4.101219
v -2.050610 6.000000 2.050610
v 2.050610 6.000000 -2.050610
v 4.101219 3.800000 0.000000
v 0.000000 3.800000 4.101219
v -2.050610 6.200000 2.050610
v 2.050610 6.200000 -2.050610
vt 1.000000 0.000000
vt 0.000000 1.000000
vt 0.000000 0.000000
vt 1.000000 0.000000
vt 0.000000 1.000000
vt 1.000000 0.000000
vt 0.000000 1.000000
vt 0.000000 0.000000
vt 1.000000 0.000000
vt 0.000000 1.000000
vt 0.000000 0.000000
vt 1.000000 0.000000
vt 0.000000 1.000000
vt 1.000000 0.000000
vt 0.000000 1.000000
vt 0.000000 0.000000
vt 1.000000 1.000000
vt 1.000000 1.000000
vt 1.000000 1.000000
vt 1.000000 1.000000
vn -0.4508 -0.7704 -0.4508
vn 0.7071 0.0000 0.7071
vn -0.7071 0.0000 0.7071
vn -0.7071 0.0000 -0.7071
vn 0.7071 0.0000 -0.7071
vn 0.4508 0.7704 0.4508
s off
f 74/181/55 76/182/55 73/183/55
f 77/184/56 74/185/56 73/183/56
f 78/186/57 75/187/57 74/188/57
f 75/189/58 80/190/58 76/191/58
f 76/192/59 77/193/59 73/183/59
f 80/194/60 78/195/60 77/196/60
f 74/181/55 75/197/55 76/182/55
f 77/184/56 78/198/56 74/185/56
f 78/186/57 79/199/57 75/187/57
f 75/189/58 79/199/58 80/190/58
f 76/192/59 80/200/59 77/193/59
f 80/194/60 79/199/60 78/195/60
o Roof_2
v 0.141421 4.000000 3.394113
v -3.394113 4.000000 -0.141421
v -1.626346 6.000000 1.626346
v 0.000000 4.000000 3.535534
v -3.535534 4.000000 0.000000
v -1.767767 6.000000 1.767767
vt 0.000000 0.000000
vt 1.000000 0.000000
vt 1.000000 1.000000
vt 1.000000 0.000000
vt 0.000000 1.000000
vt 0.000000 0.000000
vt 0.000000 0.000000
vt 1.000000 0.000000
vt 1.000000 1.000000
vt 1.000000 0.000000
vt 0.000000 1.000000
vt 0.000000 1.000000
vt 1.000000 1.000000
vn 0.7071 0.0000 -0.7071
vn -0.4417 0.7809 -0.4417
vn -0.7071 0.0000 0.7071
vn 0.4417 0.7809 0.4417
vn -0.7036 -0.0995 0.7036
vn 0.4417 -0.7809 0.4417
s off
f 81/201/61 82/202/61 83/203/61
f 85/204/62 83/205/62 82/206/62
f 84/207/63 86/208/63 85/209/63
f 83/210/64 84/211/64 81/201/64
f 86/208/65 82/212/65 81/201/65
f 85/204/62 86/213/62 83/205/62
f 83/210/64 86/213/64 84/211/64
f 86/208/66 85/209/66 82/212/66
o Roof_1
v 3.535534 4.000000 0.000000
v 0.000000 4.000000 -3.535534
v 1.767767 6.000000 -1.767767
v 3.394113 4.000000 0.141421
v -0.141421 4.000000 -3.394113
v 1.626346 6.000000 -1.626346
vt 0.000000 0.000000
vt 1.000000 0.000000
vt 1.000000 1.000000
vt 1.000000 0.000000
vt 0.000000 1.000000
vt 0.000000 0.000000
vt 0.000000 0.000000
vt 1.000000 0.000000
vt 1.000000 1.000000
vt 1.000000 0.000000
vt 0.000000 1.000000
vt 0.000000 1.000000
vt 1.000000 1.000000
vn 0.7071 0.0000 -0.7071
vn -0.4417 0.7809 -0.4417
vn -0.7071 0.0000 0.7071
vn 0.4417 0.7809 0.4417
vn -0.7036 -0.0995 0.7036
vn 0.4417 -0.7809 0.4417
s off
f 87/214/67 88/215/67 89/216/67
f 91/217/68 89/218/68 88/219/68
f 90/220/69 92/221/69 91/222/69
f 89/223/70 90/224/70 87/214/70
f 92/221/71 88/225/71 87/214/71
f 91/217/68 92/226/68 89/218/68
f 89/223/70 92/226/70 90/224/70
f 92/221/72 91/222/72 88/225/72
o Floor
v 3.535534 -0.200000 0.000000
v 0.000000 -0.200000 3.535534
v -3.535534 -0.200000 0.000000
v 0.000000 -0.200000 -3.535534
v 3.535534 0.000000 0.000000
v 0.000000 0.000000 3.535534
v -3.535534 0.000000 0.000000
v 0.000000 0.000000 -3.535534
vt 1.000000 0.000000
vt 0.000000 1.000000
vt 0.000000 0.000000
vt 1.000000 0.000000
vt 0.000000 1.000000
vt 1.000000 0.000000
vt 0.000000 1.000000
vt 0.000000 0.000000
vt 1.000000 0.000000
vt 0.000000 1.000000
vt 0.000000 0.000000
vt 1.000000 0.000000
vt 0.000000 1.000000
vt 1.000000 0.000000
vt 0.000000 1.000000
vt 0.000000 0.000000
vt 1.000000 1.000000
vt 1.000000 1.000000
vt 1.000000 1.000000
vt 1.000000 1.000000
vn 0.0000 -1.0000 0.0000
vn 0.7071 0.0000 0.7071
vn -0.7071 0.0000 0.7071
vn -0.7071 0.0000 -0.7071
vn 0.7071 0.0000 -0.7071
vn 0.0000 1.0000 0.0000
s off
f 94/227/73 96/228/73 93/229/73
f 97/230/74 94/231/74 93/229/74
f 98/232/75 95/233/75 94/234/75
f 95/235/76 100/236/76 96/237/76
f 96/238/77 97/239/77 93/229/77
f 100/240/78 98/241/78 97/242/78
f 94/227/73 95/243/73 96/228/73
f 97/230/74 98/244/74 94/231/74
f 98/232/75 99/245/75 95/233/75
f 95/235/76 99/245/76 100/236/76
f 96/238/77 100/246/77 97/239/77
f 100/240/78 99/245/78 98/241/78
o Wall_6
v 0.141421 0.000000 3.394113
v 0.000000 0.000000 3.535534
v -3.535534 0.000000 0.000000
v -3.394113 0.000000 -0.141421
v 0.141421 4.000000 3.394113
v 0.000000 4.000000 3.535534
v -3.535534 4.000000 0.000000
v -3.394113 4.000000 -0.141421
vt 1.000000 0.000000
vt 0.000000 1.000000
vt 0.000000 0.000000
vt 1.000000 0.000000
vt 0.000000 1.000000
vt 1.000000 0.000000
vt 0.000000 1.000000
vt 0.000000 0.000000
vt 1.000000 0.000000
vt 0.000000 1.000000
vt 0.000000 0.000000
vt 1.000000 0.000000
vt 0.000000 1.000000
vt 1.000000 0.000000
vt 0.000000 1.000000
vt 0.000000 0.000000
vt 1.000000 1.000000
vt 1.000000 1.000000
vt 1.000000 1.000000
vt 1.000000 1.000000
vn 0.0000 -1.0000 0.0000
vn 0.7071 0.0000 0.7071
vn -0.7071 0.0000 0.7071
vn -0.7071 0.0000 -0.7071
vn 0.7071 0.0000 -0.7071
vn 0.0000 1.0000 -0.0000
s off
f 102/247/79 104/248/79 101/249/79
f 105/250/80 102/251/80 101/249/80
f 106/252/81 103/253/81 102/254/81
f 103/255/82 108/256/82 104/257/82
f 104/258/83 105/259/83 101/249/83
f 108/260/84 106/261/84 105/262/84
f 102/247/79 103/263/79 104/248/79
f 105/250/80 106/264/80 102/251/80
f 106/252/81 107/265/81 103/253/81
f 103/255/82 107/265/82 108/256/82
f 104/258/83 108/266/83 105/259/83
f 108/260/84 107/265/84 106/261/84
o Wall_5
v 0.141421 0.000000 -3.394113
v -3.394113 0.000000 0.141421
v -3.535534 0.000000 0.000000
v 0.000000 0.000000 -3.535534
v 0.141421 4.000000 -3.394113
v -3.394113 4.000000 0.141421
v -3.535534 4.000000 0.000000
v 0.000000 4.000000 -3.535534
vt 1.000000 0.000000
vt 0.000000 1.000000
vt 0.000000 0.000000
vt 1.000000 0.000000
vt 0.000000 1.000000
vt 1.000000 0.000000
vt 0.000000 1.000000
vt 0.000000 0.000000
vt 1.000000 0.000000
vt 0.000000 1.000000
vt 0.000000 0.000000
vt 1.000000 0.000000
vt 0.000000 1.000000
vt 1.000000 0.000000
vt 0.000000 1.000000
vt 0.000000 0.000000
vt 1.000000 1.000000
vt 1.000000 1.000000
vt 1.000000 1.000000
vt 1.000000 1.000000
vn 0.0000 -1.0000 0.0000
vn 0.7071 0.0000 0.7071
vn -0.7071 0.0000 0.7071
vn -0.7071 0.0000 -0.7071
vn 0.7071 0.0000 -0.7071
vn 0.0000 1.0000 0.0000
s off
f 110/267/85 112/268/85 109/269/85
f 113/270/86 110/271/86 109/269/86
f 114/272/87 111/273/87 110/274/87
f 111/275/88 116/276/88 112/277/88
f 112/278/89 113/279/89 109/269/89
f 116/280/90 114/281/90 113/282/90
f 110/267/85 111/283/85 112/268/85
f 113/270/86 114/284/86 110/271/86
f 114/272/87 115/285/87 111/273/87
f 111/275/88 115/285/88 116/276/88
f 112/278/89 116/286/89 113/279/89
f 116/280/90 115/285/90 114/281/90
o Wall_4
v 1.414214 0.000000 -2.121320
v 1.272792 0.000000 -1.979899
v -0.141421 0.000000 -3.394113
v 0.000000 0.000000 -3.535534
v 1.414214 4.000000 -2.121320
v 1.272792 4.000000 -1.979899
v -0.141421 4.000000 -3.394113
v 0.000000 4.000000 -3.535534
vt 1.000000 0.000000
vt 0.000000 1.000000
vt 0.000000 0.000000
vt 1.000000 0.000000
vt 0.000000 1.000000
vt 1.000000 0.000000
vt 0.000000 1.000000
vt 0.000000 0.000000
vt 1.000000 0.000000
vt 0.000000 1.000000
vt 0.000000 0.000000
vt 1.000000 0.000000
vt 0.000000 1.000000
vt 1.000000 0.000000
vt 0.000000 1.000000
vt 0.000000 0.000000
vt 1.000000 1.000000
vt 1.000000 1.000000
vt 1.000000 1.000000
vt 1.000000 1.000000
vn 0.0000 -1.0000 0.0000
vn 0.7071 0.0000 0.7071
vn -0.7071 0.0000 0.7071
vn -0.7071 0.0000 -0.7071
vn 0.7071 0.0000 -0.7071
vn 0.0000 1.0000 0.0000
s off
f 118/287/91 120/288/91 117/289/91
f 121/290/92 118/291/92 117/289/92
f 122/292/93 119/293/93 118/294/93
f 119/295/94 124/296/94 120/297/94
f 120/298/95 121/299/95 117/289/95
f 124/300/96 122/301/96 121/302/96
f 118/287/91 119/303/91 120/288/91
f 121/290/92 122/304/92 118/291/92
f 122/292/93 123/305/93 119/293/93
f 119/295/94 123/305/94 124/296/94
f 120/298/95 124/306/95 121/299/95
f 124/300/96 123/305/96 122/301/96
o Wall_3
v 2.121320 3.000000 -1.414214
v 1.979899 3.000000 -1.272792
v 1.272792 3.000000 -1.979899
v 1.414214 3.000000 -2.121320
v 2.121320 4.000000 -1.414214
v 1.979899 4.000000 -1.272792
v 1.272792 4.000000 -1.979899
v 1.414214 4.000000 -2.121320
vt 1.000000 0.000000
vt 0.000000 1.000000
vt 0.000000 0.000000
vt 1.000000 0.000000
vt 0.000000 1.000000
vt 1.000000 0.000000
vt 0.000000 1.000000
vt 0.000000 0.000000
vt 1.000000 0.000000
vt 0.000000 1.000000
vt 0.000000 0.000000
vt 1.000000 0.000000
vt 0.000000 1.000000
vt 1.000000 0.000000
vt 0.000000 1.000000
vt 0.000000 0.000000
vt 1.000000 1.000000
vt 1.000000 1.000000
vt 1.000000 1.000000
vt 1.000000 1.000000
vn 0.0000 -1.0000 0.0000
vn 0.7071 0.0000 0.7071
vn -0.7071 0.0000 0.7071
vn -0.7071 0.0000 -0.7071
vn 0.7071 0.0000 -0.7071
vn 0.0000 1.0000 0.0000
s off
f 126/307/97 128/308/97 125/309/97
f 129/310/98 126/311/98 125/309/98
f 130/312/99 127/313/99 126/314/99
f 127/315/100 132/316/100 128/317/100
f 128/318/101 129/319/101 125/309/101
f 132/320/102 130/321/102 129/322/102
f 126/307/97 127/323/97 128/308/97
f 129/310/98 130/324/98 126/311/98
f 130/312/99 131/325/99 127/313/99
f 127/315/100 131/325/100 132/316/100
f 128/318/101 132/326/101 129/319/101
f 132/320/102 131/325/102 130/321/102
o Wall_2
v 3.535534 0.000000 0.000000
v 0.000000 0.000000 3.535534
v -0.141421 0.000000 3.394113
v 3.394113 0.000000 -0.141421
v 3.535534 4.000000 0.000000
v 0.000000 4.000000 3.535534
v -0.141421 4.000000 3.394113
v 3.394113 4.000000 -0.141421
vt 1.000000 0.000000
vt 0.000000 1.000000
vt 0.000000 0.000000
vt 1.000000 0.000000
vt 0.000000 1.000000
vt 1.000000 0.000000
vt 0.000000 1.000000
vt 0.000000 0.000000
vt 1.000000 0.000000
vt 0.000000 1.000000
vt 0.000000 0.000000
vt 1.000000 0.000000
vt 0.000000 1.000000
vt 1.000000 0.000000
vt 0.000000 1.000000
vt 0.000000 0.000000
vt 1.000000 1.000000
vt 1.000000 1.000000
vt 1.000000 1.000000
vt 1.000000 1.000000
vn 0.0000 -1.0000 0.0000
vn 0.7071 0.0000 0.7071
vn -0.7071 0.0000 0.7071
vn -0.7071 0.0000 -0.7071
vn 0.7071 0.0000 -0.7071
vn 0.0000 1.0000 0.0000
s off
f 134/327/103 136/328/103 133/329/103
f 137/330/104 134/331/104 133/329/104
f 138/332/105 135/333/105 134/334/105
f 135/335/106 140/336/106 136/337/106
f 136/338/107 137/339/107 133/329/107
f 140/340/108 138/341/108 137/342/108
f 134/327/103 135/343/103 136/328/103
f 137/330/104 138/344/104 134/331/104
f 138/332/105 139/345/105 135/333/105
f 135/335/106 139/345/106 140/336/106
f 136/338/107 140/346/107 137/339/107
f 140/340/108 139/345/108 138/341/108
o Wall_1
v 3.535534 0.000000 0.000000
v 3.394113 0.000000 0.141421
v 1.979899 0.000000 -1.272792
v 2.121320 0.000000 -1.414214
v 3.535534 4.000000 0.000000
v 3.394113 4.000000 0.141421
v 1.979899 4.000000 -1.272792
v 2.121320 4.000000 -1.414214
vt 1.000000 0.000000
vt 0.000000 1.000000
vt 0.000000 0.000000
vt 1.000000 0.000000
vt 0.000000 1.000000
vt 1.000000 0.000000
vt 0.000000 1.000000
vt 0.000000 0.000000
vt 1.000000 0.000000
vt 0.000000 1.000000
vt 0.000000 0.000000
vt 1.000000 0.000000
vt 0.000000 1.000000
vt 1.000000 0.000000
vt 0.000000 1.000000
vt 0.000000 0.000000
vt 1.000000 1.000000
vt 1.000000 1.000000
vt 1.000000 1.000000
vt 1.000000 1.000000
vn 0.0000 -1.0000 0.0000
vn 0.7071 0.0000 0.7071
vn -0.7071 0.0000 0.7071
vn -0.7071 0.0000 -0.7071
vn 0.7071 0.0000 -0.7071
vn 0.0000 1.0000 0.0000
s off
f 142/347/109 144/348/109 141/349/109
f 145/350/110 142/351/110 141/349/110
f 146/352/111 143/353/111 142/354/111
f 143/355/112 148/356/112 144/357/112
f 144/358/113 145/359/113 141/349/113
f 148/360/114 146/361/114 145/362/114
f 142/347/109 143/363/109 144/348/109
f 145/350/110 146/364/110 142/351/110
f 146/352/111 147/365/111 143/353/111
f 143/355/112 147/365/112 148/356/112
f 144/358/113 148/366/113 145/359/113
f 148/360/114 147/365/114 146/361/114
