# Blender v2.79 (sub 0) OBJ File: 'challenge1.blend'
# www.blender.org
mtllib cabin.mtl
o Chimney_Border_4
v -6.333452 5.500000 4.282843
v -6.404163 5.500000 4.353553
v -6.757716 5.500000 4.000000
v -6.687006 5.500000 3.929289
v -6.333452 6.000000 4.282843
v -6.404163 6.000000 4.353553
v -6.757716 6.000000 4.000000
v -6.687006 6.000000 3.929289
vn 0.0000 -1.0000 0.0000
vn 0.7071 0.0000 0.7071
vn -0.7071 0.0000 0.7071
vn -0.7071 0.0000 -0.7071
vn 0.7071 0.0000 -0.7071
vn 0.0000 1.0000 0.0000
usemtl None
s off
f 1//1 2//1 3//1 4//1
f 1//2 5//2 6//2 2//2
f 2//3 6//3 7//3 3//3
f 4//4 3//4 7//4 8//4
f 1//5 4//5 8//5 5//5
f 5//6 8//6 7//6 6//6
o Chimney_Border_3
v -5.979899 5.500000 4.070711
v -6.333452 5.500000 4.424264
v -6.404163 5.500000 4.353553
v -6.050610 5.500000 4.000000
v -5.979899 6.000000 4.070711
v -6.333452 6.000000 4.424264
v -6.404163 6.000000 4.353553
v -6.050610 6.000000 4.000000
vn 0.0000 -1.0000 0.0000
vn 0.7071 0.0000 0.7071
vn -0.7071 0.0000 0.7071
vn -0.7071 0.0000 -0.7071
vn 0.7071 0.0000 -0.7071
vn 0.0000 1.0000 0.0000
usemtl None
s off
f 9//7 10//7 11//7 12//7
f 9//8 13//8 14//8 10//8
f 10//9 14//9 15//9 11//9
f 12//10 11//10 15//10 16//10
f 9//11 12//11 16//11 13//11
f 13//12 16//12 15//12 14//12
o Chimney_Border_2
v -6.333452 5.500000 3.717157
v -6.687006 5.500000 4.070711
v -6.757716 5.500000 4.000000
v -6.404163 5.500000 3.646447
v -6.333452 6.000000 3.717157
v -6.687006 6.000000 4.070711
v -6.757716 6.000000 4.000000
v -6.404163 6.000000 3.646447
vn 0.0000 -1.0000 0.0000
vn 0.7071 0.0000 0.7071
vn -0.7071 0.0000 0.7071
vn -0.7071 0.0000 -0.7071
vn 0.7071 0.0000 -0.7071
vn 0.0000 1.0000 0.0000
usemtl None
s off
f 17//13 18//13 19//13 20//13
f 17//14 21//14 22//14 18//14
f 18//15 22//15 23//15 19//15
f 20//16 19//16 23//16 24//16
f 17//17 20//17 24//17 21//17
f 21//18 24//18 23//18 22//18
o Chimney_Border_1
v -6.050610 5.500000 4.000000
v -6.121320 5.500000 4.070711
v -6.474874 5.500000 3.717157
v -6.404163 5.500000 3.646447
v -6.050610 6.000000 4.000000
v -6.121320 6.000000 4.070711
v -6.474874 6.000000 3.717157
v -6.404163 6.000000 3.646447
vn 0.0000 -1.0000 0.0000
vn 0.7071 0.0000 0.7071
vn -0.7071 0.0000 0.7071
vn -0.7071 0.0000 -0.7071
vn 0.7071 0.0000 -0.7071
vn 0.0000 1.0000 0.0000
usemtl None
s off
f 25//19 26//19 27//19 28//19
f 25//20 29//20 30//20 26//20
f 26//21 30//21 31//21 27//21
f 28//22 27//22 31//22 32//22
f 25//23 28//23 32//23 29//23
f 29//24 32//24 31//24 30//24
o Chimney_4
v -6.333452 4.000000 4.212132
v -6.404163 4.000000 4.282843
v -6.687006 4.000000 4.000000
v -6.616295 4.000000 3.929289
v -6.333452 6.000000 4.212132
v -6.404163 6.000000 4.282843
v -6.687006 6.000000 4.000000
v -6.616295 6.000000 3.929289
vn 0.0000 -1.0000 0.0000
vn 0.7071 0.0000 0.7071
vn -0.7071 0.0000 0.7071
vn -0.7071 0.0000 -0.7071
vn 0.7071 0.0000 -0.7071
vn 0.0000 1.0000 0.0000
usemtl None
s off
f 33//25 34//25 35//25 36//25
f 33//26 37//26 38//26 34//26
f 34//27 38//27 39//27 35//27
f 36//28 35//28 39//28 40//28
f 33//29 36//29 40//29 37//29
f 37//30 40//30 39//30 38//30
o Chimney_3
v -6.050610 4.000000 4.070711
v -6.333452 4.000000 4.353553
v -6.404163 4.000000 4.282843
v -6.121320 4.000000 4.000000
v -6.050610 6.000000 4.070711
v -6.333452 6.000000 4.353553
v -6.404163 6.000000 4.282843
v -6.121320 6.000000 4.000000
vn 0.0000 -1.0000 0.0000
vn 0.7071 0.0000 0.7071
vn -0.7071 0.0000 0.7071
vn -0.7071 0.0000 -0.7071
vn 0.7071 0.0000 -0.7071
vn 0.0000 1.0000 0.0000
usemtl None
s off
f 41//31 42//31 43//31 44//31
f 41//32 45//32 46//32 42//32
f 42//33 46//33 47//33 43//33
f 44//34 43//34 47//34 48//34
f 41//35 44//35 48//35 45//35
f 45//36 48//36 47//36 46//36
o Chimney_2
v -6.333452 4.000000 3.787868
v -6.616295 4.000000 4.070711
v -6.687006 4.000000 4.000000
v -6.404163 4.000000 3.717157
v -6.333452 6.000000 3.787868
v -6.616295 6.000000 4.070711
v -6.687006 6.000000 4.000000
v -6.404163 6.000000 3.717157
vn 0.0000 -1.0000 0.0000
vn 0.7071 0.0000 0.7071
vn -0.7071 0.0000 0.7071
vn -0.7071 0.0000 -0.7071
vn 0.7071 0.0000 -0.7071
vn 0.0000 1.0000 0.0000
usemtl None
s off
f 49//37 50//37 51//37 52//37
f 49//38 53//38 54//38 50//38
f 50//39 54//39 55//39 51//39
f 52//40 51//40 55//40 56//40
f 49//41 52//41 56//41 53//41
f 53//42 56//42 55//42 54//42
o Chimney_1
v -6.121320 4.000000 4.000000
v -6.192031 4.000000 4.070711
v -6.474874 4.000000 3.787868
v -6.404163 4.000000 3.717157
v -6.121320 6.000000 4.000000
v -6.192031 6.000000 4.070711
v -6.474874 6.000000 3.787868
v -6.404163 6.000000 3.717157
vn 0.0000 -1.0000 0.0000
vn 0.7071 0.0000 0.7071
vn -0.7071 0.0000 0.7071
vn -0.7071 0.0000 -0.7071
vn 0.7071 0.0000 -0.7071
vn 0.0000 1.0000 0.0000
usemtl None
s off
f 57//43 58//43 59//43 60//43
f 57//44 61//44 62//44 58//44
f 58//45 62//45 63//45 59//45
f 60//46 59//46 63//46 64//46
f 57//47 60//47 64//47 61//47
f 61//48 64//48 63//48 62//48
o Roof_4
v -1.949390 6.000000 1.949390
v -6.050610 6.000000 6.050610
v -8.101219 3.600000 4.000000
v -4.000000 3.600000 -0.101219
v -1.949390 6.200000 1.949390
v -6.050610 6.200000 6.050610
v -8.101219 3.800000 4.000000
v -4.000000 3.800000 -0.101219
vn 0.4508 -0.7704 0.4508
vn 0.7071 0.0000 0.7071
vn -0.7071 0.0000 0.7071
vn -0.7071 0.0000 -0.7071
vn 0.7071 0.0000 -0.7071
vn -0.4508 0.7704 -0.4508
usemtl None
s off
f 65//49 66//49 67//49 68//49
f 65//50 69//50 70//50 66//50
f 66//51 70//51 71//51 67//51
f 68//52 67//52 71//52 72//52
f 65//53 68//53 72//53 69//53
f 69//54 72//54 71//54 70//54
o Roof_3
v 0.101219 3.600000 4.000000
v -4.000000 3.600000 8.101219
v -6.050610 6.000000 6.050610
v -1.949390 6.000000 1.949390
v 0.101219 3.800000 4.000000
v -4.000000 3.800000 8.101219
v -6.050610 6.200000 6.050610
v -1.949390 6.200000 1.949390
vn -0.4508 -0.7704 -0.4508
vn 0.7071 0.0000 0.7071
vn -0.7071 0.0000 0.7071
vn -0.7071 0.0000 -0.7071
vn 0.7071 0.0000 -0.7071
vn 0.4508 0.7704 0.4508
usemtl None
s off
f 73//55 74//55 75//55 76//55
f 73//56 77//56 78//56 74//56
f 74//57 78//57 79//57 75//57
f 76//58 75//58 79//58 80//58
f 73//59 76//59 80//59 77//59
f 77//60 80//60 79//60 78//60
o Roof_2
v -3.858579 4.000000 7.394113
v -7.394113 4.000000 3.858579
v -5.626346 6.000000 5.626346
v -4.000000 4.000000 7.535534
v -7.535534 4.000000 4.000000
v -5.767767 6.000000 5.767767
vn 0.7071 0.0000 -0.7071
vn -0.4417 0.7809 -0.4417
vn -0.7071 0.0000 0.7071
vn 0.4417 0.7809 0.4417
vn -0.6708 -0.1482 0.7267
usemtl None
s off
f 81//61 82//61 83//61
f 82//62 85//62 86//62 83//62
f 84//63 86//63 85//63
f 81//64 83//64 86//64 84//64
f 81//65 86//65 85//65 82//65
o Roof_1
v -0.464466 4.000000 4.000000
v -4.000000 4.000000 0.464466
v -2.232233 6.000000 2.232233
v -0.605887 4.000000 4.141421
v -4.141421 4.000000 0.605887
v -2.373654 6.000000 2.373654
vn 0.7071 0.0000 -0.7071
vn -0.4417 0.7809 -0.4417
vn -0.7071 0.0000 0.7071
vn 0.4417 0.7809 0.4417
vn -0.6708 -0.1482 0.7267
usemtl None
s off
f 87//66 88//66 89//66
f 88//67 91//67 92//67 89//67
f 90//68 92//68 91//68
f 87//69 89//69 92//69 90//69
f 87//70 92//70 91//70 88//70
o Floor
v -0.464466 -0.200000 4.000000
v -4.000000 -0.200000 7.535534
v -7.535534 -0.200000 4.000000
v -4.000000 -0.200000 0.464466
v -0.464466 0.000000 4.000000
v -4.000000 0.000000 7.535534
v -7.535534 0.000000 4.000000
v -4.000000 0.000000 0.464466
vn 0.0000 -1.0000 0.0000
vn 0.7071 0.0000 0.7071
vn -0.7071 0.0000 0.7071
vn -0.7071 0.0000 -0.7071
vn 0.7071 0.0000 -0.7071
vn 0.0000 1.0000 0.0000
usemtl None
s off
f 93//71 94//71 95//71 96//71
f 93//72 97//72 98//72 94//72
f 94//73 98//73 99//73 95//73
f 96//74 95//74 99//74 100//74
f 93//75 96//75 100//75 97//75
f 97//76 100//76 99//76 98//76
o Wall_6
v -3.858579 0.000000 7.394113
v -4.000000 0.000000 7.535534
v -7.535534 0.000000 4.000000
v -7.394113 0.000000 3.858579
v -3.858579 4.000000 7.394113
v -4.000000 4.000000 7.535534
v -7.535534 4.000000 4.000000
v -7.394113 4.000000 3.858579
vn 0.0000 -1.0000 0.0000
vn 0.7071 0.0000 0.7071
vn -0.7071 0.0000 0.7071
vn -0.7071 0.0000 -0.7071
vn 0.7071 0.0000 -0.7071
vn 0.0000 1.0000 0.0000
usemtl None
s off
f 101//77 102//77 103//77 104//77
f 101//78 105//78 106//78 102//78
f 102//79 106//79 107//79 103//79
f 104//80 103//80 107//80 108//80
f 101//81 104//81 108//81 105//81
f 105//82 108//82 107//82 106//82
o Wall_5
v -3.858579 0.000000 0.605887
v -7.394113 0.000000 4.141421
v -7.535534 0.000000 4.000000
v -4.000000 0.000000 0.464466
v -3.858579 4.000000 0.605887
v -7.394113 4.000000 4.141421
v -7.535534 4.000000 4.000000
v -4.000000 4.000000 0.464466
vn 0.0000 -1.0000 0.0000
vn 0.7071 0.0000 0.7071
vn -0.7071 0.0000 0.7071
vn -0.7071 0.0000 -0.7071
vn 0.7071 0.0000 -0.7071
vn 0.0000 1.0000 0.0000
usemtl None
s off
f 109//83 110//83 111//83 112//83
f 109//84 113//84 114//84 110//84
f 110//85 114//85 115//85 111//85
f 112//86 111//86 115//86 116//86
f 109//87 112//87 116//87 113//87
f 113//88 116//88 115//88 114//88
o Wall_4
v -2.585786 0.000000 1.878680
v -2.727208 0.000000 2.020101
v -4.141421 0.000000 0.605887
v -4.000000 0.000000 0.464466
v -2.585786 4.000000 1.878680
v -2.727208 4.000000 2.020101
v -4.141421 4.000000 0.605887
v -4.000000 4.000000 0.464466
vn 0.0000 -1.0000 0.0000
vn 0.7071 0.0000 0.7071
vn -0.7071 0.0000 0.7071
vn -0.7071 0.0000 -0.7071
vn 0.7071 0.0000 -0.7071
vn 0.0000 1.0000 0.0000
usemtl None
s off
f 117//89 118//89 119//89 120//89
f 117//90 121//90 122//90 118//90
f 118//91 122//91 123//91 119//91
f 120//92 119//92 123//92 124//92
f 117//93 120//93 124//93 121//93
f 121//94 124//94 123//94 122//94
o Wall_3
v -1.878680 3.000000 2.585786
v -2.020101 3.000000 2.727208
v -2.727208 3.000000 2.020101
v -2.585786 3.000000 1.878680
v -1.878680 4.000000 2.585786
v -2.020101 4.000000 2.727208
v -2.727208 4.000000 2.020101
v -2.585786 4.000000 1.878680
vn 0.0000 -1.0000 0.0000
vn 0.7071 0.0000 0.7071
vn -0.7071 0.0000 0.7071
vn -0.7071 0.0000 -0.7071
vn 0.7071 0.0000 -0.7071
vn 0.0000 1.0000 0.0000
usemtl None
s off
f 125//95 126//95 127//95 128//95
f 125//96 129//96 130//96 126//96
f 126//97 130//97 131//97 127//97
f 128//98 127//98 131//98 132//98
f 125//99 128//99 132//99 129//99
f 129//100 132//100 131//100 130//100
o Wall_2
v -0.464466 0.000000 4.000000
v -4.000000 0.000000 7.535534
v -4.141421 0.000000 7.394113
v -0.605887 0.000000 3.858579
v -0.464466 4.000000 4.000000
v -4.000000 4.000000 7.535534
v -4.141421 4.000000 7.394113
v -0.605887 4.000000 3.858579
vn 0.0000 -1.0000 0.0000
vn 0.7071 0.0000 0.7071
vn -0.7071 0.0000 0.7071
vn -0.7071 0.0000 -0.7071
vn 0.7071 0.0000 -0.7071
vn 0.0000 1.0000 0.0000
usemtl None
s off
f 133//101 134//101 135//101 136//101
f 133//102 137//102 138//102 134//102
f 134//103 138//103 139//103 135//103
f 136//104 135//104 139//104 140//104
f 133//105 136//105 140//105 137//105
f 137//106 140//106 139//106 138//106
o Wall_1
v -0.464466 0.000000 4.000000
v -0.605887 0.000000 4.141421
v -2.020101 0.000000 2.727208
v -1.878680 0.000000 2.585786
v -0.464466 4.000000 4.000000
v -0.605887 4.000000 4.141421
v -2.020101 4.000000 2.727208
v -1.878680 4.000000 2.585786
vn 0.0000 -1.0000 0.0000
vn 0.7071 0.0000 0.7071
vn -0.7071 0.0000 0.7071
vn -0.7071 0.0000 -0.7071
vn 0.7071 0.0000 -0.7071
vn 0.0000 1.0000 0.0000
usemtl None
s off
f 141//107 142//107 143//107 144//107
f 141//108 145//108 146//108 142//108
f 142//109 146//109 147//109 143//109
f 144//110 143//110 147//110 148//110
f 141//111 144//111 148//111 145//111
f 145//112 148//112 147//112 146//112
